13011 11 1573 幌延 141.8517 45.0067
12066 12 1570 小車 142.2950 44.6083
12217 12 9 西風連 142.3583 44.2950
12256 12 1572 剣淵 142.3533 44.1067
12457 12 17 瑞穂 142.6383 43.7367
12471 12 1049 層雲峡 142.9300 43.7533
12607 12 20 白金 142.6483 43.4750
12686 12 1574 金山 142.4167 43.1383
13206 13 1112 古丹別 141.7217 44.2650
14157 14 32 手稲山 141.2017 43.0833
14191 14 34 小金湯 141.2183 42.9650
15197 15 1567 雨竜 141.8917 43.6600
15216 15 1419 新城 142.2033 43.6117
15247 15 1566 赤平 142.0667 43.5533
15276 15 1400 浦臼 141.8100 43.4283
15391 15 1068 栗沢 141.7450 43.1217
15451 15 1401 鹿島 142.1000 43.0800
15491 15 1402 沼の沢 142.0200 42.9600
16126 16 1091 赤井川 140.8200 43.0833
16272 16 1615 ニセコ 140.6667 42.7783
17211 17 67 上藻別 143.3367 44.1883
17386 17 1420 丸瀬布 143.3283 43.9533
17512 17 73 仁頃山 143.7467 43.8600
17541 17 1263 東藻琴 144.2850 43.8400
17642 17 1617 山園 144.3367 43.7433
17686 17 1569 置戸常元 143.4400 43.6200
17776 17 1568 津別二又 143.8650 43.5833
18091 18 1266 糸櫛別 144.9883 43.7217
19281 19 1403 塘路 144.4967 43.1483
19301 19 1417 茶内原野 144.9667 43.1733
19346 19 96 阿寒 144.1233 43.1133
19406 19 1107 二俣 143.8750 42.9717
20047 20 1571 三股 143.1483 43.5100
20071 20 1404 小利別 143.6800 43.5883
20202 20 1409 柏倉 143.4583 43.3617
20222 20 1410 上螺湾 143.8017 43.3183
20331 20 1405 押帯 143.4433 43.1150
20451 20 1418 留真 143.6617 42.9167
21031 21 123 安平 141.8283 42.8133
21237 21 1329 洞爺湖温泉 140.8067 42.5650
21251 21 1429 カルルス 141.1067 42.5167
22072 22 1097 仁世宇 142.3583 42.7717
22106 22 1430 旭 142.3933 42.6283
22206 22 139 笹山 142.4817 42.4333
22356 22 1276 目黒 143.3133 42.1267
22366 22 1264 幌満 143.0350 42.0767
23191 23 146 大沼 140.7150 41.9767
23291 23 1543 戸井泊 141.0033 41.7167
23321 23 1552 知内 140.3750 41.5983
23356 23 1265 千軒 140.2717 41.5583
24166 24 156 潮見 140.0883 42.0383
24236 24 1205 石崎 140.0283 41.7000
31036 31 1559 湯野川 140.9567 41.3133
31321 31 1042 大和山 140.9850 40.8483
31411 31 1183 七戸 141.1283 40.7083
31451 31 1108 岳 140.2633 40.6283
31551 31 174 大鰐 140.5550 40.5300
31562 31 1406 温川 140.7833 40.5150
31671 31 1272 戸来 141.1767 40.4683
32071 32 1273 藤里 140.2933 40.3200
32091 32 181 陣場 140.6083 40.4033
32096 32 1408 藤原 140.7817 40.3550
32276 32 1422 男鹿真山 139.7817 39.9383
32312 32 1115 比立内 140.4500 39.9033
32376 32 1278 桧木内 140.5850 39.8117
32408 32 1425 仁別 140.2167 39.8000
32426 32 1167 鎧畑 140.6517 39.7900
32681 32 1407 笹子 140.2933 39.1033
32701 32 1109 東成瀬 140.6483 39.1783
33086 33 1037 大野 141.6667 40.2800
33201 33 1332 下戸鎖 141.7117 40.0833
33351 33 1168 葛根田 140.9450 39.7750
33361 33 1560 滝沢 141.0967 39.7800
33461 33 1627 刈屋 141.7733 39.6417
33566 33 226 豊沢 140.9683 39.4800
33596 33 1563 附馬牛 141.5067 39.4567
33611 33 1508 大槌 141.8067 39.4383
33686 33 1628 小鎚 141.8783 39.3600
33711 33 1558 金ヶ崎 141.0150 39.2250
33726 33 1113 米里 141.3100 39.2333
33831 33 1028 祭畤 140.8650 39.0100
33841 33 1045 衣川 141.0450 39.0500
33856 33 1557 大東 141.2967 39.0383
33871 33 1629 陸前高田 141.6300 39.0250
34056 34 1526 鴬沢 140.9483 38.8050
34206 34 1561 加美 140.7267 38.5717
34231 34 1630 桃生 141.2450 38.5600
34241 34 985 雄勝 141.4700 38.5217
34262 34 1365 泉ケ岳 140.7217 38.4067
34286 34 1631 東松島 141.2133 38.4267
34431 34 1632 岩沼 140.8767 38.1067
34526 34 1298 筆甫 140.7283 37.8267
35061 35 1038 上草津 140.0283 38.9950
35171 35 266 瀬見 140.4133 38.7550
35201 35 268 櫛引 139.8483 38.6717
35256 35 1357 荒沢 139.7817 38.5067
35466 35 1562 上山中山 140.2133 38.1167
35537 35 1372 中津川 139.8433 37.9100
36081 36 1633 新地 140.9183 37.8750
36231 36 288 原町 140.9850 37.6383
36307 36 1150 津島 140.7533 37.5600
36461 36 1386 湖南 140.0900 37.3883
36511 36 300 富岡 141.0167 37.3467
36571 36 1268 長沼 140.2183 37.2883
36596 36 1274 川前 140.7500 37.2067
36726 36 1269 舘岩 139.5317 37.0917
36766 36 1634 古殿 140.5600 37.0900
36781 36 310 平 140.8767 37.0650
40041 40 314 花園 140.6367 36.8683
40066 40 1173 徳田 140.4817 36.7783
40076 40 1421 大能 140.5917 36.7433
40081 40 1635 高萩 140.7183 36.7067
40126 40 1170 中野 140.4733 36.5150
40181 40 1388 門井 140.0333 36.3333
40241 40 1012 柿岡 140.1883 36.2333
40251 40 1013 美野里 140.3250 36.2367
40326 40 323 坂東 139.8933 36.0350
40391 40 911 江戸崎 140.3200 35.9600
41211 41 1016 足尾 139.4483 36.6467
41241 41 334 高根沢 139.9983 36.6067
41311 41 337 葛生 139.5900 36.4333
41356 41 339 足利 139.4733 36.3017
41371 41 340 栃木 139.7033 36.3733
42106 42 1174 片品 139.2383 36.7717
42241 42 349 榛名山 138.8733 36.4717
42261 42 1259 黒保根 139.2833 36.5017
42341 42 355 藤岡 139.0733 36.2500
43091 43 1182 上吉田 138.9800 36.0533
43121 43 1069 鴻巣 139.5217 36.0650
43151 43 1000 三峰 138.9233 35.9267
43157 43 1159 浦山 139.0700 35.9200
43162 43 1497 ときがわ 139.2067 35.9900
43231 43 362 飯能 139.3217 35.8383
44051 44 1180 小沢 139.1233 35.7350
44126 44 368 世田谷 139.6200 35.6267
44316 44 1595 母島 142.1617 26.6350
45086 45 377 東庄 140.6850 35.8217
45331 45 1004 大多喜 140.2150 35.2517
45346 45 383 鋸南 139.8367 35.1217
46001 46 387 相模湖 139.1933 35.6133
46046 46 1005 相模原中央 139.3700 35.5717
46061 46 1006 日吉 139.6500 35.5517
46076 46 1096 丹沢湖 139.0433 35.4100
46136 46 1007 平塚 139.3050 35.3450
46161 46 390 箱根 139.0417 35.2217
48097 48 1411 小谷 137.9300 36.8217
48146 48 1162 鬼無里 137.9650 36.6883
48172 48 398 笠岳 138.4567 36.6667
48247 48 1360 聖高原 138.0683 36.4867
48346 48 994 上高地 137.6333 36.2467
48371 48 407 鹿教湯 138.1367 36.3017
48436 48 1550 白樺湖 138.2283 36.1050
48516 48 1549 北相木 138.6117 36.0717
48556 48 1551 高遠 138.1083 35.9533
48601 48 416 御嶽山 137.5033 35.8717
48681 48 420 宮田高原 137.8850 35.7733
48691 48 1397 杉島 138.0933 35.7267
48716 48 422 須原 137.6917 35.6983
48737 48 1394 大鹿 138.0400 35.5567
48836 48 1339 阿南 137.8117 35.3133
49052 49 1599 乙女湖 138.6550 35.8067
49171 49 1165 上野原 139.1133 35.6217
49186 49 435 八町山 138.4117 35.5433
50056 50 440 白糸 138.5783 35.3117
50111 50 1114 梅ケ島 138.3417 35.2367
50231 50 444 越木平 137.9800 35.0100
50247 50 1440 鍵穴 138.2467 35.0483
50296 50 1105 熊 137.7333 34.9583
50317 50 448 高根山 138.1967 34.9750
50371 50 988 三ヶ日 137.5567 34.8017
50391 50 1393 三倉 137.9400 34.8950
50416 50 987 土肥 138.7600 34.8767
50426 50 453 湯ケ島 138.9250 34.9000
50427 50 454 天城山 139.0233 34.8717
50466 50 989 掛川 137.9667 34.7800
51011 51 460 一宮 136.8533 35.2983
51056 51 1166 小原 137.2850 35.2283
51077 51 462 茶臼山 137.6583 35.2200
51096 51 983 蟹江 136.7917 35.1367
51192 51 1576 阿蔵 137.4133 35.0783
51241 51 468 作手 137.4250 34.9767
51271 51 469 一色 137.0283 34.8117
51356 51 472 田原 137.2567 34.6617
52131 52 1387 御母衣 136.9083 36.1467
52137 52 1437 清見 137.0450 36.1800
52152 52 1438 丹生川 137.3717 36.1883
52173 52 1436 ひるがの 136.8950 36.0100
52192 52 480 船山 137.2600 36.0350
52321 52 1577 関市板取 136.7833 35.7233
52421 52 1384 付知 137.4267 35.6567
52476 52 490 伽藍 137.2300 35.5150
52641 52 1059 上石津 136.4717 35.2950
53016 53 499 北勢 136.5383 35.1433
53121 53 505 笠取山 136.3083 34.7250
53141 53 507 名張 136.1117 34.6350
53151 53 1356 白山 136.3217 34.6250
53287 53 511 藤坂峠 136.4883 34.3233
53307 53 1381 阿児 136.8317 34.3283
53321 53 1255 宮川 136.2083 34.2783
53416 53 1423 御浜 135.9800 33.8517
54056 54 1256 高根 139.6050 38.3300
54097 54 1369 三面 139.6050 38.2467
54311 54 1111 赤谷 139.4150 37.8350
54406 54 526 村松 139.1883 37.6967
54462 54 1398 宮寄上 139.1400 37.5800
54472 54 1444 室谷 139.3700 37.5500
54506 54 530 栃尾 138.9917 37.4750
54606 54 1154 小国 138.7017 37.2917
54621 54 1370 大湯 139.0617 37.2050
54666 54 1426 川谷 138.5167 37.2000
54671 54 1155 松代 138.6067 37.1317
54737 54 1427 筒方 138.3433 37.0300
54761 54 1395 塩沢 138.8467 37.0383
54876 54 1297 平岩 137.8633 36.8867
54892 54 1424 樽本 138.2750 36.8900
55063 55 1412 宇奈月 137.5567 36.8467
55156 55 1414 大山 137.2833 36.6083
55217 55 1621 立山芦峅 137.3850 36.5767
55252 55 1553 五箇山 136.9417 36.4300
55267 55 1455 猪谷 137.2367 36.4733
56081 56 562 門前 136.7283 37.2617
56192 56 1545 宝達志水 136.7683 36.7883
56232 56 570 医王山 136.7450 36.5200
56346 56 1171 白山白峰 136.6250 36.1800
57071 57 974 美山 136.3583 35.9983
57106 57 1565 武生 136.1750 35.9067
57176 57 1382 九頭竜 136.6700 35.9050
57311 57 1454 大飯 135.6167 35.4800
60026 60 1087 柳ケ瀬 136.1883 35.5817
60081 60 1578 朽木平良 135.8300 35.3083
60161 60 584 近江八幡 136.0967 35.1267
61031 61 588 峰山 135.0717 35.6183
61132 61 1379 三岳 135.0500 35.3667
61151 61 1160 故屋岡 135.4567 35.3850
61191 61 1380 綾部 135.2583 35.2933
61192 61 1383 三和 135.2317 35.2167
61201 61 966 本庄 135.3950 35.2600
61241 61 1378 須知 135.4200 35.1767
61251 61 928 京北 135.6617 35.1800
61306 61 1025 長岡京 135.6883 34.9267
62037 62 1602 茨木 135.5600 34.8600
62111 62 605 河内長野 135.5433 34.4233
63032 63 608 温泉 134.4800 35.5283
63111 63 967 大屋 134.6650 35.3317
63116 63 611 八鹿 134.7400 35.3983
63241 63 617 佐用 134.3683 35.0167
63346 63 618 後川 135.2933 35.0250
63477 63 1588 西宮 135.3350 34.7500
64056 64 631 田原本 135.7850 34.5550
64076 64 632 曽爾 136.1583 34.5217
64091 64 1376 葛城 135.7033 34.4883
64136 64 1439 吉野 135.9000 34.3783
64161 64 1619 天川 135.8833 34.2700
64261 64 641 玉置山 135.8300 33.9267
65021 65 642 葛城山 135.4367 34.3467
65106 65 978 湯浅 135.1817 34.0350
65127 65 646 護摩壇山 135.5667 34.0400
65226 65 1074 本宮 135.7733 33.8367
65311 65 1172 色川 135.8483 33.6750
65321 65 651 日置川 135.4800 33.6050
66056 66 1371 恩原 133.9867 35.3000
66112 66 1584 富 133.8050 35.1783
66226 66 929 下呰部 133.6283 34.9650
66237 66 1618 旭西 133.8117 34.9617
66251 66 660 赤磐 134.0817 34.9183
66276 66 661 陣山 133.5233 34.8283
66287 66 1585 吉備中央 133.7050 34.8167
66381 66 665 佐屋 133.4450 34.6850
66391 66 666 矢掛 133.6183 34.6167
67026 67 671 道後山 133.1883 35.0567
67052 67 1582 君田 132.8300 34.9283
67126 67 948 東城 133.2767 34.8950
67136 67 1262 八幡 132.1733 34.7083
67161 67 1583 美土里 132.6550 34.7217
67211 67 1257 王泊 132.3117 34.6983
67217 67 1579 都志見 132.4433 34.6467
67231 67 949 甲田 132.7600 34.6950
67251 67 679 上下 133.1167 34.6933
67271 67 680 内黒山 132.1767 34.5967
67306 67 1603 安宿 132.8383 34.5667
67351 67 1575 佐伯湯来 132.2900 34.4983
67371 67 1163 志和 132.6600 34.4983
67566 67 690 倉橋 132.5033 34.1033
68166 68 696 大東 132.9650 35.3183
68181 68 1095 伯太 133.2733 35.3500
68206 68 954 佐田 132.7233 35.2217
68286 68 1336 福光 132.3317 35.0700
68346 68 1093 桜江 132.3333 34.9533
68421 68 703 三隅 131.9583 34.7883
68436 68 1175 波佐 132.1967 34.7800
68501 68 1176 匹見 132.0167 34.5717
69111 69 1391 鹿野 134.0167 35.4133
69152 69 716 大山 133.5367 35.3933
69161 69 1177 関金 133.7550 35.3800
69181 69 1385 佐治 134.1133 35.3283
69196 69 1178 若桜 134.4050 35.3333
69222 69 1389 江尾 133.4833 35.2883
71136 71 1327 半田 134.0367 33.9900
71211 71 1098 福原旭 134.3883 33.8783
72176 71 731 竜王山 134.0500 34.1133
73071 73 733 玉川 132.9400 34.0183
73152 73 1260 富郷 133.5100 33.9150
73231 73 737 上林 132.8900 33.7383
73247 73 738 成就社 133.1317 33.7950
73271 73 740 中山 132.7083 33.6383
73321 73 742 獅子越峠 132.8317 33.5433
73351 73 743 八幡浜 132.4333 33.4483
74101 74 1179 池川 133.1683 33.6083
74126 74 747 繁藤 133.6850 33.6783
74151 74 1281 魚梁瀬 134.1083 33.6150
74166 74 748 佐川 133.2717 33.5117
74237 74 754 船戸 133.0883 33.4167
74238 74 753 鳥形山 133.0833 33.4800
74276 74 955 田野 134.0067 33.4267
74336 74 757 佐喜浜 134.2050 33.3933
74391 74 761 大正 132.9717 33.1933
74506 74 1556 三崎 132.8717 32.7950
81141 81 1367 篠生 131.5767 34.3033
81167 81 1100 羅漢山 132.0633 34.3500
81228 81 1614 鹿野 131.8150 34.2250
81271 81 1620 東厚保 131.1817 34.1183
81301 81 1261 和田 131.7350 34.1483
82096 82  頂吉 130.8433 33.7417
82241 82 1611 早良脇山 130.3533 33.4883
82272 82 789 英彦山 130.9233 33.4883
82316 82 791 耳納山 130.6250 33.2917
82331 82 945 柳川 130.4033 33.1600
83096 83 979 耶馬渓 131.1150 33.4450
83226 83 801 佐賀関 131.8650 33.2483
83242 83 1554 椿ヶ鼻 130.9150 33.1917
83286 83 933 臼杵 131.8050 33.1233
84361 84 818 長浦岳 129.7383 32.9083
84441 84 820 諫早 130.0250 32.8433
85046 85 1616 北山 130.2200 33.4133
85106 85 1612 鳥栖 130.5167 33.3850
86181 86 1580 宇土 130.6567 32.7000
86197 86 1613 山都 130.9583 32.7117
86351 86 1368 五木 130.8550 32.4417
86396 86 946 田浦 130.5083 32.3633
86407 86 1435 山江 130.7467 32.3017
86461 86 1581 一勝地 130.6450 32.2450
86478 86 925 多良木 130.9500 32.2950
86481 86 1086 湯前横谷 131.0450 32.2633
87086 87 1609 日之影 131.4067 32.6817
87127 87 1343 諸塚 131.3350 32.5167
87136 87 1432 北方 131.5250 32.5617
87156 87  上椎葉 131.1567 32.4650
87251 87 1608 都農 131.5417 32.2833
87346 87 862 えびの 130.8400 31.9450
87356 87 1623 高原 131.0067 31.9283
87361 87 864 野尻 131.1567 31.9567
87371 87 865 国富 131.2967 32.0067
87391 87 1624 山田 131.0383 31.8133
87461 87 1164 深瀬 131.2500 31.6367
88066 88 934 出水 130.3517 32.0933
88101 88 877 紫尾山 130.3667 31.9800
88176 88 1625 霧島牧園 130.8200 31.8850
88211 88 882 八重山 130.4383 31.7467
88341 88 1149 大隅 131.0050 31.5800
88392 88 888 吉ケ別府 130.8600 31.4600
88551 88 1161 佐多 130.6900 31.0933
91046 91 1586 国頭 128.1783 26.7283
91066 91 1373 本部 127.8983 26.6850
91081 91 1374 東 128.1533 26.6317
91121 91 906 読谷 127.7417 26.4050
91161 91 907 胡屋 127.8050 26.3267
93051 91 1248 城辺 125.4100 24.7433
94036 91 1250 川平 124.1400 24.4667
