11001 11 1284 宗谷岬 141.9350 45.5200
11016 11 47401 稚内 141.6783 45.4150
11046 11 1546 礼文 141.0450 45.3050
11061 11 1528 声問 141.8000 45.4033
11076 11 1285 浜鬼志別 142.1700 45.3350
11091 11 1512 本泊 141.1867 45.2417
11121 11 1203 沼川 141.8517 45.2483
11151 11 2 沓形 141.1383 45.1767
11176 11 1054 豊富 141.7650 45.1067
11206 11 3 浜頓別 142.3500 45.1250
11276 11 1051 中頓別 142.2800 44.9650
11291 11 47402 北見枝幸 142.5850 44.9400
11316 11 5 歌登 142.4800 44.8400
12011 12 1201 中川 142.0767 44.8283
12041 12 1197 音威子府 142.2650 44.7267
12141 12 6 美深 142.3417 44.4800
12181 12 8 名寄 142.4567 44.3700
12231 12 10 下川 142.6233 44.3017
12261 12 11 士別 142.4167 44.1867
12266 12 1047 朝日 142.5950 44.1183
12301 12 1055 和寒 142.4100 44.0283
12386 12 1191 江丹別 142.2600 43.8700
12396 12 1048 比布 142.4800 43.8750
12411 12 15 上川 142.7533 43.8467
12442 12 47407 旭川 142.3717 43.7567
12451 12 1184 東川 142.5083 43.7017
12501 12 1458 東神楽 142.4467 43.6700
12512 12 1185 志比内 142.5817 43.6433
12551 12 1052 美瑛 142.4933 43.5883
12596 12 1190 上富良野 142.4650 43.4550
12626 12 21 富良野 142.4000 43.3333
12632 12 1280 麓郷 142.5217 43.3017
12691 12 1188 幾寅 142.5683 43.1683
12746 12 1189 占冠 142.3950 42.9783
15041 12 1279 朱鞠内 142.1617 44.2817
15076 12 1053 幌加内 142.1600 44.0100
13061 13 24 天塩 141.7617 44.8933
13086 13 25 遠別 141.8067 44.7183
13121 13 1216 初山別 141.7700 44.5233
13146 13 1213 焼尻 141.4217 44.4283
13181 13 47404 羽幌 141.7000 44.3633
13261 13 1217 達布 141.8567 44.0483
13277 13 47406 留萌 141.6317 43.9450
13311 13 28 増毛 141.5100 43.8483
13321 13 1218 幌糠 141.7600 43.8533
14026 14 1193 浜益 141.3867 43.5817
14071 14 1194 厚田 141.4367 43.3983
14101 14 30 新篠津 141.6450 43.2200
14116 14 31 山口 141.2217 43.1467
14121 14 1085 石狩 141.3700 43.1933
14136 14 1507 江別 141.6017 43.1100
14163 14 47412 札幌 141.3283 43.0600
14206 14 35 恵庭島松 141.5650 42.9250
14286 14 37 支笏湖畔 141.4067 42.7717
14296 14 1459 千歳 141.6917 42.7750
15116 15 38 石狩沼田 141.9267 43.8150
15161 15 39 深川 142.0733 43.7183
15231 15 1287 空知吉野 141.7317 43.5950
15241 15 41 滝川 141.9383 43.5700
15251 15 43 芦別 142.1900 43.5167
15311 15 999 月形 141.6183 43.3300
15321 15 44 美唄 141.8267 43.3633
15356 15 47413 岩見沢 141.7850 43.2117
15431 15 47 長沼 141.6933 43.0117
15442 15 49 夕張 141.9567 43.0383
16026 16 51 美国 140.5633 43.2717
16061 16 1208 神恵内 140.4233 43.1450
16076 16 52 余市 140.7583 43.1817
16091 16 47411 小樽 141.0167 43.1817
16156 16 54 共和 140.6033 42.9800
16206 16 55 蘭越 140.5417 42.8100
16217 16 47433 倶知安 140.7567 42.9000
16252 16 47421 寿都 140.2233 42.7950
16281 16 1072 真狩 140.8800 42.7750
16286 16 60 喜茂別 140.9483 42.7933
16321 16 61 黒松内 140.3100 42.6633
17036 17 47405 雄武 142.9633 44.5800
17076 17 63 興部 143.1083 44.4700
17091 17 1073 西興部 142.9367 44.3317
17112 17 47435 紋別 143.3550 44.3450
17116 17 1487 紋別小向 143.4033 44.3033
17166 17 65 湧別 143.6200 44.2133
17196 17 66 滝上 143.0600 44.1767
17246 17 68 常呂 144.0367 44.1150
17306 17 69 遠軽 143.5400 44.0533
17316 17 70 佐呂間 143.7233 43.9850
17341 17 47409 網走 144.2783 44.0167
17351 17 981 宇登呂 144.9817 44.0517
17482 17 1092 白滝 143.1533 43.8650
17501 17 72 生田原 143.5317 43.9167
17521 17 74 北見 143.8750 43.8100
17531 17 1460 女満別 144.1633 43.8800
17546 17 75 小清水 144.4850 43.8417
17561 17 76 斜里 144.7000 43.8833
17596 17 77 留辺蘂 143.4500 43.7417
17607 17 1209 境野 143.6433 43.7067
17631 17 79 美幌 144.1717 43.7700
17717 17 82 津別 144.0333 43.7017
18038 18 84 羅臼 145.1867 44.0233
18136 18 85 標津 145.1317 43.6617
18161 18 1547 上標津 144.7467 43.5200
18171 18 86 中標津 144.9783 43.5433
18174 18 1489 根室中標津 144.9600 43.5767
18256 18 88 別海 145.1183 43.3817
18273 18 47420 根室 145.5850 43.3300
18281 18 1056 納沙布 145.7583 43.3933
18311 18 1196 厚床 145.2583 43.2317
19021 19 90 川湯 144.4567 43.6167
19051 19 1187 弟子屈 144.4667 43.5100
19076 19 91 阿寒湖畔 144.0850 43.4367
19151 19 93 標茶 144.5867 43.2917
19191 19 1186 鶴居 144.3250 43.2317
19261 19 95 中徹別 144.1417 43.1983
19311 19 1195 榊町 145.1100 43.1200
19347 19 1461 鶴丘 144.1917 43.0400
19376 19 1192 太田 144.7783 43.0900
19416 19 98 白糠 144.0617 42.9700
19432 19 47418 釧路 144.3767 42.9850
19451 19 1283 知方学 144.7350 42.9383
20146 20 101 陸別 143.7383 43.4683
20186 20 103 ぬかびら源泉郷 143.1917 43.3667
20266 20 107 上士幌 143.3033 43.2350
20276 20 109 足寄 143.5533 43.2433
20341 20 112 本別 143.6000 43.1317
20356 20 113 新得 142.8400 43.0767
20361 20 114 鹿追 142.9950 43.1033
20371 20 1204 駒場 143.1833 43.0500
20421 20 115 芽室 143.0433 42.9000
20441 20 117 池田 143.4583 42.9200
20506 20 118 浦幌 143.6567 42.8083
20551 20 1510 帯広泉 143.2167 42.7333
20556 20 1286 糠内 143.3283 42.7867
20601 20 1210 上札内 143.0967 42.6417
20606 20 1211 更別 143.1900 42.6483
20631 20 1214 大津 143.6467 42.6850
20696 20 121 大樹 143.2750 42.5000
20751 20 47440 広尾 143.3150 42.2933
21111 21 124 厚真 141.8883 42.7300
21126 21 125 穂別 142.1433 42.7617
21161 21 1067 大滝 141.0783 42.6700
21171 21 126 森野 141.2467 42.6300
21187 21 47424 苫小牧 141.5467 42.6233
21226 21 128 大岸 140.6433 42.5900
21261 21 130 白老 141.3517 42.5433
21276 21 131 鵡川 141.9333 42.5900
21297 21 132 伊達 140.8767 42.4733
21312 21 134 登別 141.1183 42.4583
21323 21 47423 室蘭 140.9750 42.3117
22036 22 1202 日高 142.4417 42.8767
22141 22 136 日高門別 142.0367 42.5217
22156 22 137 新和 142.3333 42.5433
22241 22 140 静内 142.3617 42.3433
22291 22 1198 三石 142.6617 42.2450
22306 22 1288 中杵臼 142.9483 42.2233
22327 22 47426 浦河 142.7767 42.1617
22391 22 1340 えりも岬 143.2433 41.9250
23031 23 143 長万部 140.3817 42.5233
23086 23 144 八雲 140.2717 42.2517
23166 23 145 森 140.5883 42.0667
23206 23 147 川汲 140.9700 41.9050
23226 23 148 北斗 140.6533 41.8867
23232 23 47430 函館 140.7533 41.8167
23281 23 1462 高松 140.8217 41.7700
23326 23 917 木古内 140.4450 41.6867
23376 23 152 松前 140.0867 41.4233
24141 23 155 熊石 139.9850 42.1283
24041 24 153 せたな 139.8517 42.4500
24051 24 154 今金 140.0083 42.4283
24101 24 1199 奥尻 139.5567 42.2483
24156 24 1513 米岡 139.4283 42.0717
24201 24 1200 鶉 140.3117 41.9300
24217 24 47428 江差 140.1233 41.8667
31001 31 1041 大間 140.9117 41.5267
31111 31 47576 むつ 141.2100 41.2833
31121 31 1122 小田野沢 141.3967 41.2350
31136 31 1026 今別 140.4817 41.1800
31156 31 1124 脇野沢 140.8217 41.1450
31186 31 1119 市浦 140.3467 41.0567
31201 31 160 蟹田 140.6333 41.0450
31296 31 164 五所川原 140.4583 40.8083
31312 31 47575 青森 140.7683 40.8217
31332 31 162 野辺地 141.1600 40.8850
31336 31 1027 六ケ所 141.2717 40.8850
31366 31 163 鰺ケ沢 140.2050 40.7767
31386 31 1495 青森大谷 140.6883 40.7333
31436 31 47574 深浦 139.9317 40.6450
31461 31 166 弘前 140.4550 40.6117
31466 31 167 黒石 140.5850 40.6667
31482 31 1079 酸ケ湯 140.8483 40.6483
31506 31 169 三沢 141.3750 40.6750
31586 31 172 十和田 141.2467 40.5950
31646 31 175 碇ケ関 140.6200 40.4817
31662 31 177 休屋 140.8983 40.4267
31721 31 179 三戸 141.2567 40.3833
32056 32 1043 八森 139.9817 40.3883
32111 32 183 能代 140.0317 40.1983
32126 32 184 鷹巣 140.3717 40.2267
32136 32 912 大館 140.5050 40.2517
32146 32 185 鹿角 140.7867 40.2150
32181 32 1463 脇神 140.3717 40.1917
32206 32 186 湯瀬 140.8400 40.1200
32266 32 1289 八幡平 140.8017 40.0133
32286 32 1036 男鹿 139.9000 39.9117
32287 32 1035 大潟 139.9500 40.0000
32296 32 188 五城目 140.1150 39.9383
32311 32 1131 阿仁合 140.4033 39.9933
32402 32 47582 秋田 140.0983 39.7167
32407 32 192 岩見三内 140.2867 39.7067
32451 32 1511 雄和 140.2183 39.6150
32466 32 193 角館 140.5567 39.6033
32476 32 194 田沢湖 140.7317 39.6983
32496 32 1050 大正寺 140.2333 39.5267
32551 32 195 大曲 140.4950 39.4900
32571 32 196 本荘 140.0550 39.3600
32581 32 1117 東由利 140.2883 39.3050
32596 32 198 横手 140.5550 39.3200
32616 32 199 象潟 139.9017 39.2217
32626 32 200 矢島 140.1367 39.2350
32691 32 202 湯沢 140.4633 39.1867
32771 32 204 湯の岱 140.5283 38.9600
33006 33 205 種市 141.7000 40.4033
33026 33 206 軽米 141.4733 40.3167
33071 33 207 二戸 141.2983 40.2967
33136 33 1219 山形 141.5717 40.1483
33146 33 209 久慈 141.7750 40.1883
33166 33 1120 荒屋 141.0500 40.1033
33176 33 1215 奥中山 141.2250 40.0600
33186 33 211 葛巻 141.4367 40.0383
33206 33 1123 普代 141.8833 40.0033
33226 33 214 岩手松尾 141.0650 39.9517
33296 33 1032 好摩 141.1667 39.8683
33326 33 218 岩泉 141.7967 39.8467
33336 33 1212 小本 141.9533 39.8400
33371 33 1078 藪川 141.3283 39.7833
33421 33 221 雫石 140.9750 39.6967
33431 33 47584 盛岡 141.1650 39.6983
33441 33 1447 区界 141.3533 39.6500
33472 33 47585 宮古 141.9650 39.6467
33501 33 1128 紫波 141.1267 39.5467
33526 33 1224 川井 141.6817 39.5983
33561 33 1118 沢内 140.7983 39.4800
33576 33 227 花巻 141.1350 39.4283
33581 33 228 大迫 141.2783 39.4700
33616 33 1033 山田 141.9567 39.4500
33631 33 229 湯田 140.7767 39.3100
33671 33 231 遠野 141.5383 39.3367
33716 33 230 北上 141.1100 39.2883
33751 33 233 釜石 141.8700 39.2733
33776 33 235 若柳 141.0633 39.1317
33781 33 236 江刺 141.1617 39.1833
33801 33 1206 住田 141.5733 39.1417
33877 33 47512 大船渡 141.7133 39.0633
33911 33 238 一関 141.1250 38.9333
33921 33 239 千厩 141.3300 38.9217
34012 34 1126 駒ノ湯 140.8283 38.9133
34026 34 242 気仙沼 141.5550 38.9083
34096 34 243 川渡 140.7600 38.7433
34111 34 244 築館 141.0050 38.7350
34171 34 1029 米山 141.1883 38.6267
34186 34 246 志津川 141.4483 38.6817
34216 34 247 古川 140.9117 38.5983
34266 34 248 大衡 140.8883 38.4733
34276 34 249 鹿島台 141.0917 38.4600
34292 34 47592 石巻 141.2983 38.4267
34296 34 1626 女川 141.4400 38.4533
34311 34 251 新川 140.6367 38.3033
34331 34 1030 塩釜 141.0133 38.3383
34361 34 1290 江ノ島 141.5967 38.3983
34392 34 47590 仙台 140.8967 38.2617
34436 34 1464 名取 140.9167 38.1383
34461 34 256 白石 140.6117 38.0150
34462 34 1564 蔵王 140.6800 38.1267
34471 34 257 亘理 140.8583 38.0250
34506 34 1220 丸森 140.7783 37.9317
35002 35 1291 飛島 139.5433 39.1833
35052 35 47587 酒田 139.8433 38.9083
35071 35 260 差首鍋 140.2000 38.9183
35086 35 1465 浜中 139.7867 38.8117
35116 35 262 金山 140.3317 38.8783
35141 35 263 鶴岡 139.8283 38.7350
35146 35 264 狩川 139.9733 38.8000
35162 35 47520 新庄 140.3117 38.7567
35176 35 910 向町 140.5167 38.7583
35216 35 1125 肘折 140.1633 38.6067
35231 35 1039 尾花沢 140.4117 38.6083
35246 35 1040 鼠ケ関 139.5517 38.5667
35332 35 1539 村山 140.3483 38.4600
35334 35 1488 東根 140.3700 38.4117
35361 35 1292 大井沢 139.9933 38.3900
35376 35 272 左沢 140.1917 38.3700
35426 35 47588 山形 140.3450 38.2550
35456 35 275 長井 140.0150 38.1050
35486 35 277 小国 139.7350 38.0783
35511 35 1132 高畠 140.2067 38.0033
35541 35 278 高峰 139.9567 37.9983
35552 35 279 米沢 140.1433 37.9117
36056 36 1293 茂庭 140.4367 37.8917
36066 36 281 梁川 140.5883 37.8517
36106 36 1282 桧原 140.0583 37.7217
36126 36 47595 福島 140.4700 37.7583
36151 36 285 相馬 140.9250 37.7833
36176 36 286 喜多方 139.8633 37.6583
36196 36 1116 鷲倉 140.2600 37.6683
36221 36 1130 飯舘 140.7467 37.6950
36251 36 1031 西会津 139.6567 37.5883
36276 36 290 猪苗代 140.1217 37.5550
36291 36 291 二本松 140.4300 37.5833
36342 36 1044 金山 139.5283 37.4733
36361 36 47570 若松 139.9100 37.4883
36391 36 294 船引 140.5767 37.4350
36411 36 295 浪江 140.9650 37.4917
36426 36 297 只見 139.3133 37.3433
36476 36 299 郡山 140.3300 37.3683
36501 36 1129 川内 140.8083 37.3367
36536 36 301 南郷 139.5367 37.2650
36562 36 1294 湯本 140.0633 37.2767
36581 36 1466 玉川 140.4267 37.2267
36591 36 304 小野新町 140.6250 37.2867
36611 36 1034 広野 141.0000 37.2333
36641 36 303 田島 139.7950 37.2067
36667 36 47597 白河 140.2150 37.1317
36676 36 307 石川 140.4600 37.1467
36716 36 1295 桧枝岐 139.3867 37.0233
36821 36 312 東白川 140.4083 36.9383
36836 36 1607 山田 140.7333 36.9333
36846 36 47598 小名浜 140.9033 36.9467
40046 40 315 北茨城 140.7717 36.8417
40061 40 316 大子 140.3450 36.7783
40091 40 1331 常陸大宮 140.3250 36.6067
40136 40 1011 日立 140.6500 36.5983
40191 40 318 笠間 140.2367 36.3833
40201 40 47629 水戸 140.4667 36.3800
40221 40 320 古河 139.7167 36.2017
40231 40 1530 下館 139.9883 36.2817
40281 40 322 下妻 139.9450 36.1683
40311 40 1245 鉾田 140.5267 36.1683
40336 40 47646 つくば 140.1250 36.0567
40341 40 324 土浦 140.2200 36.1033
40406 40 325 鹿嶋 140.6217 35.9633
40426 40 1014 龍ケ崎 140.2117 35.8900
41011 41 326 那須 140.0350 37.1233
41076 41 1015 五十里 139.6950 36.9217
41091 41 329 黒磯 140.0183 36.9817
41116 41 1221 土呂部 139.5683 36.8933
41141 41 331 大田原 140.0350 36.8400
41166 41 47690 奥日光 139.5000 36.7383
41171 41 1333 今市 139.6767 36.7267
41181 41 1334 塩谷 139.8833 36.7567
41247 41 1605 那須烏山 140.1167 36.6417
41271 41 335 鹿沼 139.7350 36.5917
41277 41 47615 宇都宮 139.8683 36.5483
41331 41 338 真岡 139.9867 36.4783
41361 41 1018 佐野 139.5700 36.3633
41376 41 341 小山 139.8300 36.3383
42046 42 1222 藤原 139.0583 36.8633
42091 42 1019 みなかみ 138.9917 36.8000
42121 42 343 草津 138.5917 36.6167
42146 42 346 沼田 139.0600 36.6533
42186 42 1020 中之条 138.8500 36.5867
42221 42 348 田代 138.4633 36.4633
42251 42 47624 前橋 139.0600 36.4050
42266 42 351 桐生 139.3450 36.3833
42286 42 353 上里見 138.8950 36.3767
42302 42 1021 伊勢崎 139.1650 36.3317
42326 42 354 西野牧 138.7067 36.2450
42366 42 356 館林 139.5317 36.2333
42396 42 1223 神流 138.8967 36.1083
43051 43 1009 寄居 139.1833 36.1050
43056 43 47626 熊谷 139.3800 36.1500
43126 43 359 久喜 139.6350 36.0867
43156 43 47641 秩父 139.0733 35.9900
43171 43 1232 鳩山 139.3350 35.9850
43241 43 363 さいたま 139.5867 35.8750
43256 43 364 越谷 139.7567 35.8833
43266 43 1070 所沢 139.4133 35.7733
44046 44 365 小河内 139.0500 35.7917
44056 44 1001 青梅 139.3117 35.7883
44076 44 1002 練馬 139.6683 35.7350
44112 44 366 八王子 139.3167 35.6667
44116 44 1133 府中 139.4817 35.6833
44136 44 370 江戸川臨海 139.8633 35.6383
44166 44 371 羽田 139.7800 35.5533
44172 44 47675 大島 139.3617 34.7483
44173 44 1467 大島北ノ山 139.3600 34.7817
44207 44 1522 新島 139.2683 34.3683
44216 44 1523 神津島 139.1333 34.1883
44226 44 47677 三宅島 139.5217 34.1233
44228 44 1506 三宅坪田 139.5600 34.0733
44262 44 1468 八重見ヶ原 139.7850 33.1150
44301 44 47971 父島 142.1900 27.0917
44356 44 47991 南鳥島 153.9833 24.2883
45061 45 376 我孫子 140.1100 35.8633
45081 45 375 香取 140.5017 35.8583
45106 45 1236 船橋 140.0433 35.7117
45116 45 916 佐倉 140.2117 35.7283
45121 45 378 成田 140.3850 35.7633
45147 45 47648 銚子 140.8567 35.7383
45181 45 1003 横芝光 140.4800 35.6567
45212 45 47682 千葉 140.1033 35.6017
45261 45 381 茂原 140.3100 35.4167
45282 45 382 木更津 139.9400 35.3617
45291 45 1238 牛久 140.1483 35.3967
45326 45 1241 坂畑 140.0983 35.2350
45361 45 384 鴨川 140.1000 35.1117
45371 45 47674 勝浦 140.3117 35.1500
45401 45 47672 館山 139.8650 34.9867
46091 46 388 海老名 139.3867 35.4333
46106 46 47670 横浜 139.6517 35.4383
46141 46 1443 辻堂 139.4500 35.3200
46166 46 1008 小田原 139.1550 35.2767
46211 46 392 三浦 139.6300 35.1783
48031 48 393 野沢温泉 138.4417 36.9117
48061 48 394 信濃町 138.1983 36.8083
48066 48 395 飯山 138.3750 36.8750
48141 48 396 白馬 137.8617 36.6983
48156 48 47610 長野 138.1917 36.6617
48191 48 399 大町 137.8333 36.5233
48196 48 400 信州新町 137.9967 36.5483
48216 48 992 菅平 138.3250 36.5317
48256 48 402 上田 138.2650 36.4000
48296 48 404 穂高 137.8817 36.3433
48321 48 993 東御 138.3833 36.3833
48331 48 47622 軽井沢 138.5467 36.3417
48361 48 47618 松本 137.9700 36.2450
48363 48 1529 松本今井 137.9217 36.1667
48381 48 1300 立科 138.3133 36.2717
48386 48 408 佐久 138.4767 36.2467
48466 48 1312 奈川 137.6833 36.0883
48531 48 1314 開田高原 137.6017 35.9383
48541 48 413 木曽平沢 137.8350 35.9833
48546 48 1319 辰野 137.9833 35.9817
48561 48 414 原村 138.2200 35.9700
48571 48 415 野辺山 138.4717 35.9483
48606 48 417 木曽福島 137.6883 35.8400
48621 48 1445 伊那 137.9550 35.8267
48717 48 1022 南木曽 137.6200 35.6100
48731 48 424 飯島 137.8983 35.6533
48767 48 47637 飯田 137.8217 35.5233
48826 48 1317 浪合 137.6917 35.3733
48841 48 1323 南信濃 137.9317 35.3217
49036 49 1023 大泉 138.3867 35.8617
49086 49 1024 韮崎 138.4483 35.6933
49142 49 47638 甲府 138.5533 35.6667
49151 49 433 勝沼 138.7250 35.6633
49161 49 434 大月 138.9383 35.6083
49196 49 436 古関 138.6150 35.5283
49236 49 1234 切石 138.4417 35.4667
49251 49 47640 河口湖 138.7600 35.5000
49256 49 438 山中 138.8367 35.4367
49316 49 439 南部 138.4450 35.2883
50106 50 1338 井川 138.2217 35.2167
50136 50 441 御殿場 138.9267 35.3050
50196 50 442 富士 138.6633 35.1850
50206 50 47657 三島 138.9250 35.1133
50226 50 986 佐久間 137.7617 35.0567
50241 50 445 川根本町 138.1283 35.1017
50261 50 1243 清水 138.5217 35.0533
50281 50 47668 網代 139.0917 35.0450
50331 50 47656 静岡 138.4033 34.9750
50386 50 451 天竜 137.8133 34.8900
50456 50 47654 浜松 137.7183 34.7083
50476 50 1335 菊川牧之原 138.1383 34.7850
50477 50 1601 静岡空港 138.1883 34.7950
50491 50 456 松崎 138.7833 34.7550
50506 50 457 稲取 139.0483 34.7817
50536 50 1244 磐田 137.8800 34.6917
50551 50 47655 御前崎 138.2117 34.6033
50561 50 47666 石廊崎 138.8417 34.6033
51031 51 1346 愛西 136.6983 35.2167
51071 51 982 稲武 137.5067 35.2117
51106 51 47636 名古屋 136.9650 35.1667
51116 51 464 豊田 137.1767 35.1317
51161 51 465 東海 136.9017 35.0233
51226 51 467 岡崎 137.1933 34.9183
51247 51 1541 新城 137.5167 34.9067
51261 51 1555 セントレア 136.8050 34.8583
51281 51 1344 蒲郡 137.2167 34.8450
51311 51 984 南知多 136.9383 34.7400
51331 51 470 豊橋 137.3417 34.7500
51346 51 47653 伊良湖 137.0933 34.6283
52041 52 1308 河合 137.1000 36.3050
52051 52 473 神岡 137.3083 36.3217
52081 52 1306 白川 136.8967 36.2733
52111 52 1061 栃尾 137.5033 36.2483
52146 52 47617 高山 137.2533 36.1550
52181 52 1305 六厩 137.0333 36.0600
52196 52 1311 宮之前 137.3883 36.0150
52221 52 1299 長滝 136.8317 35.9250
52286 52 483 萩原 137.2067 35.8883
52331 52 485 八幡 136.9783 35.7567
52346 52 1066 宮地 137.2883 35.7633
52381 52 486 樽見 136.6033 35.6383
52406 52 487 金山 137.1600 35.6633
52461 52 1057 美濃 136.9100 35.5567
52482 52 1313 黒川 137.3183 35.5983
52511 52 1301 揖斐川 136.5667 35.4850
52536 52 491 美濃加茂 137.0050 35.4450
52556 52 493 恵那 137.4033 35.4467
52557 52 494 中津川 137.4867 35.4767
52571 52 495 関ケ原 136.4667 35.3633
52581 52 496 大垣 136.6200 35.3467
52586 52 47632 岐阜 136.7617 35.4000
52606 52 1058 多治見 137.1083 35.3467
53041 53 500 桑名 136.6933 35.0500
53061 53 47684 四日市 136.5800 34.9400
53091 53 503 亀山 136.4533 34.8700
53112 53 47649 上野 136.1417 34.7617
53132 53 47651 津 136.5183 34.7333
53196 53 509 小俣 136.6650 34.5283
53231 53 510 粥見 136.3900 34.4483
53257 53 1230 鳥羽 136.8250 34.4817
53296 53 1258 南伊勢 136.6817 34.3450
53326 53 1349 紀伊長島 136.3267 34.2083
53378 53 47663 尾鷲 136.1933 34.0700
53401 53 1532 熊野新鹿 136.1383 33.9317
54011 54 995 粟島 139.2517 38.4617
54041 54 1315 弾崎 138.5117 38.3300
54086 54 515 村上 139.4783 38.2267
54157 54 47602 相川 138.2400 38.0283
54166 54 518 両津 138.4400 38.0733
54167 54 1514 秋津 138.4133 38.0600
54181 54 1318 中条 139.4083 38.0600
54191 54 1060 下関 139.5633 38.0917
54236 54 1469 松浜 139.1117 37.9550
54271 54 996 羽茂 138.3133 37.8417
54296 54 521 新津 139.0867 37.7917
54341 54 522 巻 138.9133 37.7683
54387 54 524 寺泊 138.7667 37.6400
54396 54 525 三条 138.9550 37.6400
54421 54 527 津川 139.4467 37.6717
54501 54 529 長岡 138.8233 37.4500
54541 54 532 柏崎 138.5533 37.3517
54566 54 997 入広瀬 139.0717 37.3567
54586 54 1302 大潟 138.3250 37.2250
54616 54 534 小出 138.9617 37.2383
54651 54 47612 高田 138.2467 37.1067
54661 54 536 安塚 138.4567 37.1067
54676 54 537 十日町 138.7267 37.1433
54711 54 539 糸魚川 137.8617 37.0383
54721 54 540 能生 138.0233 37.0833
54816 54 998 関山 138.2217 36.9333
54836 54 543 津南 138.6833 36.9967
54841 54 544 湯沢 138.8100 36.9417
55021 55 546 泊 137.5517 36.9517
55041 55 1309 氷見 136.9600 36.8633
55056 55 547 魚津 137.4283 36.8217
55091 55 47606 伏木 137.0550 36.7917
55102 55 47607 富山 137.2017 36.7083
55141 55 552 砺波 136.9550 36.6100
55151 55 1533 秋ヶ島 137.1867 36.6483
55166 55 553 上市 137.4233 36.6700
55191 55 554 南砺高宮 136.8717 36.5450
55206 55 555 八尾 137.1317 36.5783
56036 56 560 珠洲 137.2867 37.4467
56052 56 47600 輪島 136.8950 37.3917
56093 56 1544 三井 136.9617 37.2933
56116 56 564 志賀 136.7250 37.1433
56146 56 565 七尾 136.9917 37.0300
56176 56 566 羽咋 136.7767 36.8933
56186 56 567 かほく 136.6917 36.7117
56227 56 47605 金沢 136.6333 36.5883
56276 56 1324 小松 136.4350 36.3817
56286 56 973 白山吉野 136.6133 36.3617
56301 56 571 栢野 136.3583 36.2250
57001 57 1071 三国 136.1733 36.2433
57026 57 1537 春江 136.2233 36.1417
57051 57 1316 越廼 135.9900 36.0117
57066 57 47616 福井 136.2217 36.0550
57082 57 1226 勝山 136.5217 36.0383
57121 57 573 大野 136.4967 35.9717
57206 57 577 今庄 136.2000 35.7667
57248 57 47631 敦賀 136.0617 35.6533
57286 57 1010 美浜 135.9167 35.6000
57317 57 579 小浜 135.7817 35.4833
60051 60 580 今津 136.0283 35.4117
60061 60 976 長浜 136.2417 35.4233
60102 60 1524 米原 136.3433 35.3833
60116 60 1083 南小松 135.9567 35.2350
60131 60 47761 彦根 136.2433 35.2750
60196 60 963 東近江 136.1900 35.0617
60216 60 586 大津 135.9117 34.9917
60226 60 964 信楽 136.0800 34.9133
60236 60 587 土山 136.2783 34.9383
61001 61 965 間人 135.0867 35.7367
61076 61 589 宮津 135.2350 35.5500
61111 61 47750 舞鶴 135.3167 35.4500
61187 61 593 福知山 135.1133 35.3117
61206 61 1303 美山 135.5500 35.2750
61242 61 596 園部 135.4550 35.1083
61326 61 598 京田辺 135.7600 34.8300
62016 62 600 能勢 135.4550 34.9483
62046 62 1065 枚方 135.6717 34.8083
62051 62 602 豊中 135.4383 34.7833
62081 62 604 生駒山 135.6767 34.6750
62091 62 1062 堺 135.4850 34.5550
62096 62 1470 八尾 135.6000 34.5967
62101 62 1471 関空島 135.2317 34.4333
62131 62 606 熊取 135.3500 34.3850
63016 63 607 香住 134.6267 35.6250
63051 63 47747 豊岡 134.8217 35.5350
63071 63 977 兎和野高原 134.5833 35.4317
63121 63 612 和田山 134.8483 35.3233
63201 63 613 生野 134.7917 35.1667
63216 63 614 柏原 135.0467 35.1483
63251 63 615 一宮 134.5850 35.0967
63321 63 968 福崎 134.7483 34.9500
63331 63 956 西脇 134.9967 34.9983
63366 63 619 上郡 134.3733 34.8583
63383 63 47769 姫路 134.6700 34.8383
63411 63 969 三田 135.2117 34.8950
63461 63 1227 三木 135.0133 34.7767
63491 63 624 家島 134.5267 34.6717
63496 63 625 明石 134.8767 34.6867
63517 63 1587 神戸空港 135.2233 34.6317
63551 63 970 郡家 134.8483 34.4667
63576 63 47776 洲本 134.9050 34.3383
63588 63 1337 南淡 134.7200 34.2183
64036 64 47780 奈良 135.8267 34.6933
64041 64 630 針 135.9533 34.6050
64101 64 633 大宇陀 135.9317 34.4883
64127 64 635 五條 135.7300 34.3800
64206 64 957 上北山 136.0050 34.1367
64227 64 1228 風屋 135.7867 34.0450
65026 65 1342 かつらぎ 135.5283 34.3100
65036 65 1457 友ケ島 135.0000 34.2800
65042 65 47777 和歌山 135.1633 34.2283
65061 65 645 高野山 135.5900 34.2217
65121 65 1063 清水 135.4250 34.0867
65162 65 1089 龍神 135.5567 33.9450
65201 65 1485 川辺 135.2167 33.8933
65256 65 971 栗栖川 135.5133 33.7917
65276 65 649 新宮 135.9700 33.6867
65288 65 1589 南紀白浜 135.3633 33.6617
65306 65 1347 西川 135.7100 33.6383
65356 65 47778 潮岬 135.7600 33.4500
66046 66 1328 上長田 133.7250 35.2967
66091 66 1330 千屋 133.4350 35.1033
66127 66 1140 奈義 134.1700 35.1117
66136 66 655 今岡 134.3250 35.0983
66171 66 656 久世 133.7533 35.0683
66186 66 47756 津山 134.0083 35.0633
66221 66 658 新見 133.5183 34.9433
66296 66 663 福渡 133.9033 34.8667
66306 66 664 和気 134.1833 34.8150
66336 66 930 高梁 133.6100 34.7917
66346 66 1531 日応寺 133.8550 34.7567
66408 66 47768 岡山 133.9167 34.6600
66421 66 668 虫明 134.2067 34.6817
66446 66 669 倉敷 133.7683 34.5900
66481 66 919 笠岡 133.4950 34.5017
66501 66 670 玉野 133.9500 34.4867
67016 67 947 高野 132.9017 35.0333
67106 67 674 三次 132.8500 34.8117
67116 67 675 庄原 133.0233 34.8600
67151 67 676 大朝 132.4633 34.7683
67191 67 1325 油木 133.2783 34.7633
67212 67 677 加計 132.3200 34.6100
67292 67 950 三入 132.5300 34.5450
67316 67 681 世羅 133.0500 34.5833
67326 67 951 府中 133.2317 34.5617
67376 67 683 東広島 132.7000 34.4167
67386 67 1472 本郷 132.9183 34.4350
67401 67 47767 福山 133.2467 34.4467
67421 67 1326 廿日市津田 132.1900 34.3650
67437 67 47765 広島 132.4617 34.3983
67461 67 686 竹原 132.9817 34.3300
67471 67 687 生口島 133.1233 34.2783
67496 67 688 大竹 132.2200 34.2217
67511 67 47766 呉 132.5500 34.2400
67576 67 1606 呉市蒲刈 132.7483 34.1650
68022 68 47740 西郷 133.3333 36.2033
68046 68 1473 西郷岬 133.3233 36.1783
68056 68 1307 海士 133.0967 36.0967
68091 68 693 鹿島 133.0217 35.5200
68121 68 694 斐川 132.8900 35.4133
68132 68 47741 松江 133.0650 35.4567
68156 68 1310 出雲 132.7300 35.3317
68246 68 697 大田 132.4967 35.1900
68261 68 698 掛合 132.8167 35.1983
68276 68 699 横田 133.1033 35.1733
68306 68 1320 赤名 132.7117 35.0017
68351 68 701 川本 132.4917 34.9767
68376 68 47755 浜田 132.0700 34.8967
68401 68 1094 瑞穂 132.5300 34.8533
68431 68 1321 弥栄 132.1083 34.7767
68456 68 1474 高津 131.7900 34.6750
68462 68 704 益田 131.8433 34.6767
68516 68 707 津和野 131.7700 34.4617
68541 68 1592 吉賀 131.8933 34.3917
69006 69 47742 境 133.2350 35.5433
69021 69 1231 塩津 133.5667 35.5233
69041 69 709 青谷 133.9967 35.5200
69052 69 1519 湖山 134.1650 35.5300
69061 69 711 岩井 134.3600 35.5583
69076 69 47744 米子 133.3383 35.4333
69101 69 713 倉吉 133.8383 35.4733
69122 69 47746 鳥取 134.2383 35.4867
69246 69 718 智頭 134.2400 35.2633
69271 69 1304 茶屋 133.2300 35.1867
71066 71 720 池田 133.7967 34.0233
71087 71 972 穴吹 134.1567 34.0400
71106 71 47895 徳島 134.5733 34.0667
71191 71 1252 京上 133.9033 33.8667
71231 71 1242 蒲生田 134.7417 33.8367
71251 71 1352 木頭 134.2050 33.7717
71266 71 724 日和佐 134.5383 33.7317
71291 71 1604 海陽 134.3550 33.6117
72061 72 726 内海 134.2733 34.4717
72086 72 47891 高松 134.0533 34.3167
72111 72 47890 多度津 133.7517 34.2750
72121 72 729 滝宮 133.9233 34.2367
72126 72 1475 香南 134.0150 34.2133
72146 72 730 引田 134.4067 34.2133
72161 72 1239 財田 133.7717 34.1200
73001 73 732 大三島 133.0067 34.2500
73076 73 1077 今治 132.9900 34.0767
73126 73 958 西条 133.0800 33.9150
73136 73 734 新居浜 133.2817 33.9600
73151 73 735 四国中央 133.5817 33.9817
73168 73 1521 松山南吉田 132.6983 33.8267
73256 73 739 長浜 132.4800 33.6167
73276 73 741 久万 132.8950 33.6633
73306 73 959 大洲 132.5350 33.5083
73341 73 1456 瀬戸 132.2567 33.4467
73406 73 961 宇和 132.5033 33.3667
73442 73 47892 宇和島 132.5517 33.2267
73446 73 1350 近永 132.6750 33.2533
73516 73 745 御荘 132.5700 32.9633
74056 74 1351 本川 133.3383 33.7650
74071 74 746 本山 133.5750 33.7533
74136 74 1229 大栃 133.8750 33.6983
74181 74 47893 高知 133.5483 33.5667
74187 74 1249 後免 133.6433 33.5900
74188 74 1476 南国日章 133.6683 33.5450
74271 74 755 安芸 133.9333 33.4883
74296 74 921 梼原 132.9217 33.3900
74311 74 756 須崎 133.2767 33.3850
74361 74 758 窪川 133.1283 33.2067
74381 74 1235 江川崎 132.7917 33.1700
74436 74 1233 佐賀 133.1017 33.0783
74447 74 47897 宿毛 132.6950 32.9200
74456 74 763 中村 132.9200 32.9900
74516 74 47898 清水 133.0100 32.7217
81011 81 765 須佐 131.6233 34.6150
81071 81 47754 萩 131.4050 34.4100
81116 81 939 油谷 131.0550 34.3700
81151 81 767 徳佐 131.7250 34.3983
81196 81 769 秋吉台 131.3067 34.2350
81231 81 771 広瀬 131.9517 34.2617
81266 81 772 豊田 131.0767 34.1867
81286 81 47784 山口 131.4533 34.1600
81321 81 940 岩国 132.1783 34.1550
81371 81 775 防府 131.5333 34.0400
81386 81 776 下松 131.8733 34.0217
81397 81 913 玖珂 132.0750 34.0950
81436 81 778 宇部 131.2783 33.9300
81481 81 942 柳井 132.1133 33.9583
81486 81 779 安下庄 132.2917 33.9033
82046 82 943 宗像 130.5383 33.8083
82056 82 780 八幡 130.7433 33.8517
82068 82 1590 空港北町 131.0350 33.8450
82101 82 782 行橋 130.9750 33.7117
82136 82 47809 飯塚 130.6933 33.6517
82171 82 785 前原 130.1917 33.5600
82186 82 1477 博多 130.4517 33.5833
82191 82 1141 太宰府 130.5000 33.5133
82206 82 1046 添田 130.8533 33.5600
82261 82 788 朝倉 130.6950 33.4050
82306 82 790 久留米 130.4917 33.3017
82317 82 792 黒木 130.6467 33.2233
82361 82 793 大牟田 130.4667 33.0067
83021 83 1137 国見 131.5900 33.6750
83051 83 794 中津 131.2450 33.5867
83061 83 795 豊後高田 131.4333 33.5700
83106 83 931 院内 131.3167 33.4200
83121 83 1237 杵築 131.5967 33.4167
83126 83 796 武蔵 131.7367 33.4783
83137 83 47814 日田 130.9283 33.3217
83191 83 932 玖珠 131.1633 33.2683
83201 83 799 湯布院 131.3467 33.2533
83216 83 47815 大分 131.6183 33.2350
83341 83 805 犬飼 131.6317 33.0650
83371 83 806 竹田 131.3800 32.9733
83401 83 808 佐伯 131.9017 32.9500
83431 83 1142 宇目 131.6750 32.8450
83476 83 810 蒲江 131.9233 32.7950
84012 84 1453 鰐浦 129.4450 34.6983
84072 84 47800 厳原 129.2917 34.1967
84076 84 1538 美津島 129.3300 34.2850
84121 84 1144 芦辺 129.7217 33.8000
84122 84 1478 石田 129.7850 33.7483
84171 84 47805 平戸 129.5500 33.3600
84183 84 814 松浦 129.7117 33.3417
84236 84 1535 小値賀 129.0900 33.1900
84266 84 47812 佐世保 129.7267 33.1583
84286 84 1536 頭ヶ島 129.1917 33.0133
84341 84 1138 有川 129.1183 32.9817
84356 84 817 大瀬戸 129.6333 32.9483
84371 84 1084 大村 129.9133 32.9167
84496 84 47817 長崎 129.8667 32.7333
84523 84 962 島原 130.3733 32.7417
84536 84 47843 福江 128.8267 32.6933
84537 84 1479 上大津 128.8317 32.6650
84561 84 922 口之津 130.1933 32.6117
84596 84 1441 野母崎 129.7400 32.5783
85033 85 1610 唐津 129.9550 33.4583
85116 85 1075 伊万里 129.8783 33.2667
85142 85 47813 佐賀 130.3050 33.2650
85161 85 830 嬉野 129.9950 33.1167
85166 85 829 白石 130.1483 33.1833
85176 85 1480 川副 130.3017 33.1483
86006 86 832 鹿北 130.6917 33.1150
86066 86 833 南小国 131.0667 33.1033
86086 86 834 岱明 130.5117 32.9150
86101 86 835 菊池 130.7817 32.9467
86111 86 1240 阿蘇乙姫 131.0400 32.9400
86141 86 47819 熊本 130.7067 32.8133
86146 86 923 益城 130.8550 32.8367
86156 86 47821 阿蘇山 131.0733 32.8800
86161 86 840 高森 131.1250 32.8217
86216 86 1081 三角 130.4783 32.6117
86236 86 842 甲佐 130.8083 32.6450
86271 86 843 松島 130.4467 32.5150
86316 86 845 本渡 130.1800 32.4683
86336 86 846 八代 130.6067 32.4733
86451 86 924 水俣 130.4067 32.2050
86467 86 47824 人吉 130.7550 32.2167
86477 86 926 上 130.9050 32.2250
86491 86 47838 牛深 130.0267 32.1967
87041 87 852 高千穂 131.2900 32.7117
87066 87 1135 古江 131.8200 32.7117
87071 87 1348 鞍岡 131.1567 32.6433
87141 87 47822 延岡 131.6567 32.5817
87181 87 857 日向 131.6000 32.4083
87206 87 1353 神門 131.3317 32.3850
87231 87 1345 西米良 131.1517 32.2300
87292 87 859 高鍋 131.5267 32.1233
87301 87 860 加久藤 130.8100 32.0467
87331 87 861 西都 131.4133 32.0617
87352 87 863 小林 130.9550 32.0000
87376 87 47830 宮崎 131.4133 31.9383
87411 87 868 青島 131.4583 31.8033
87412 87 1481 赤江 131.4483 31.8767
87426 87 47829 都城 131.0800 31.7300
87501 87 872 串間 131.2200 31.4650
88061 88 47823 阿久根 130.2000 32.0267
88081 88 875 大口 130.6267 32.0467
88107 88 878 さつま柏原 130.4550 31.9167
88131 88 879 中甑 129.8650 31.8350
88151 88 880 川内 130.3150 31.8350
88166 88 881 溝辺 130.7183 31.8033
88261 88 883 東市来 130.3267 31.6683
88286 88 935 牧之原 130.8433 31.6617
88317 88 47827 鹿児島 130.5467 31.5533
88331 88 1146 輝北 130.8550 31.5883
88371 88 887 加世田 130.3250 31.4150
88406 88 936 志布志 131.0950 31.4783
88432 88 890 喜入 130.5400 31.3867
88442 88 937 鹿屋 130.8633 31.3900
88447 88 1181 肝付前田 130.9383 31.3400
88466 88 47831 枕崎 130.2933 31.2717
88486 88 893 指宿 130.6367 31.2483
88506 88 895 内之浦 131.0550 31.2767
88536 88 1136 田代 130.8433 31.1983
88612 88 47837 種子島 130.9817 30.7200
88621 88 897 中種子 130.9917 30.6050
88666 88 898 上中 130.9000 30.4067
88686 88 47836 屋久島 130.6583 30.3850
88706 88 899 尾之間 130.5550 30.2333
88736 88 1540 中之島 129.8667 29.8383
88821 88 1520 笠利 129.7117 28.4300
88836 88 47909 名瀬 129.4950 28.3783
88851 88 1296 喜界島 129.9267 28.3200
88901 88 980 古仁屋 129.3150 28.1433
88931 88 1542 天城 128.8800 27.8350
88956 88 1139 伊仙 128.9733 27.6767
88971 88 47942 沖永良部 128.7050 27.4317
88986 88 1277 与論島 128.4017 27.0433
91011 91 1147 伊是名 127.9400 26.9483
91021 91 901 奥 128.2717 26.8350
91096 91 1515 粟国 127.2400 26.5917
91107 91 47940 名護 127.9650 26.5933
91141 91 1534 北原 126.7133 26.3633
91146 91 47929 久米島 126.8033 26.3367
91166 91 1596 宮城島 127.9733 26.3633
91181 91 1152 渡嘉敷 127.3633 26.2100
91197 91 47936 那覇 127.6850 26.2067
91216 91 1516 慶良間 127.2933 26.1683
91236 91 1482 安次嶺 127.6450 26.1950
91241 91 909 糸数 127.7650 26.1533
92006 91 1517 北大東 131.3267 25.9433
92011 91 47945 南大東 131.2267 25.8283
92012 91 1518 旧東 131.2633 25.8467
93012 91 1490 下地 125.1433 24.8267
93041 91 47927 宮古島 125.2767 24.7933
93042 91 1483 鏡原 125.2950 24.7817
93062 91 1491 仲筋 124.6750 24.6533
94001 91 1145 伊原間 124.2800 24.5083
94011 91 1493 所野 122.9767 24.4667
94017 91 47912 与那国島 123.0100 24.4667
94062 91 47917 西表島 123.7650 24.4267
94081 91 47918 石垣島 124.1633 24.3367
94082 91 1484 真栄里 124.1867 24.3433
94101 91 1251 大原 123.8717 24.2650
94116 91 1354 波照間 123.7683 24.0550
94121 91 1494 志多阿原 123.8033 24.0583
